die <- 1:6
die
die + 1:2
die + 1:4
1:2 + 1:2
die + 1:4: #Fails
  